0
0
0
2000
1
10
0
1
1e-05
0
0
0
10
10
3
1
1
0
1
0
0
0
1
0
0
0
1
0
0
0
1
0
0
0
1
3
0
0
0
0
1
1
0
1
0
0
0
1
0
0
0
1
0
0
0
1
3
0
0
0
0
0
0
0
0
1
1
0
1
0
0
0
1
0
0
0
1
3
0
0
0
0
0
0
0
0
0
0
0
0
1
1
0
1
0
0
0
1
3
0
0
0
0
0
0
0
0
0
0
0
0
0
0
0
0
1
1
0
1
3
0
1
1
1
0
0
0
0
0
0
0
0
0
0
0
0
0
0
0
0
2
0
0
1
1
0
1
1
1
0
0
0
0
0
0
0
0
0
0
0
0
2
0
0
0
0
0
0
1
1
0
1
1
1
0
0
0
0
0
0
0
0
2
0
0
0
0
0
0
0
0
0
0
1
1
0
1
1
1
0
0
0
0
2
0
0
0
0
0
0
0
0
0
0
0
0
0
0
1
1
0
1
1
1
9
10
3
1
1
0
1
0
0
0
1
0
0
0
1
0
0
0
1
0
0
0
1
3
0
0
0
0
1
1
0
1
0
0
0
1
0
0
0
1
0
0
0
1
3
0
0
0
0
0
0
0
0
1
1
0
1
0
0
0
1
0
0
0
1
3
0
0
0
0
0
0
0
0
0
0
0
0
1
1
0
1
0
0
0
1
3
0
0
0
0
0
0
0
0
0
0
0
0
0
0
0
0
1
1
0
1
2
0
0
1
1
0
1
1
1
0
0
0
0
0
0
0
0
0
0
0
0
2
0
0
0
0
0
0
1
1
0
1
1
1
0
0
0
0
0
0
0
0
2
0
0
0
0
0
0
0
0
0
0
1
1
0
1
1
1
0
0
0
0
2
0
0
0
0
0
0
0
0
0
0
0
0
0
0
1
1
0
1
1
1
